-1.56 -1.44 -1.31 -1.19 -1.06 -0.94 -0.81 -0.69 -0.56 -0.44 -0.31 -0.19 -0.06 0.06 0.19
21.38 1 6 6 3 1 4 6 8 8 20 10 7 16 9 4
21.13 3 2 3 4 0 5 7 6 6 7 5 7 6 8 5
20.88 3 2 3 3 3 2 9 9 6 3 5 4 5 2 1
20.63 1 1 4 3 4 3 2 3 8 9 4 3 4 1 1
20.38 1 3 2 3 3 4 5 7 6 7 3 4 0 0 1
20.13 3 2 4 5 3 6 4 3 2 2 5 1 0 0 0
19.88 2 0 2 4 5 4 2 3 3 0 1 2 0 0 1
19.63 4 1 1 4 7 3 3 1 2 0 1 1 0 0 0
19.38 1 0 0 2 2 2 1 2 0 0 0 1 2 0 0
19.13 1 1 0 2 2 2 0 0 0 0 1 0 0 0 0
18.88 1 0 0 0 1 1 0 0 0 0 1 1 0 0 0
18.63 0 1 0 1 1 0 0 0 0 0 0 0 0 0 0
18.38 0 0 3 1 1 0 0 0 0 0 0 0 0 0 0
18.13 0 3 1 1 0 0 0 0 0 0 0 0 0 0 0
17.88 0 0 1 1 1 0 0 0 0 0 0 0 0 0 0
17.63 0 1 0 0 0 0 0 0 0 0 0 0 0 0 0
17.38 0 1 0 0 0 0 0 0 0 0 0 0 0 0 0
17.13 0 1 0 0 0 0 0 0 0 0 0 0 1 0 0
